Исходные матрицы:
12.0000000	5.0000000	6.0000000	|	1.0000000	0.0000000	0.0000000	
4.0000000	6.0000000	1.0000000	|	0.0000000	1.0000000	0.0000000	
6.0000000	7.0000000	20.0000000	|	0.0000000	0.0000000	1.0000000	

A(1)|E(1):
1.0000000	0.4166667	0.5000000	|	0.0833333	0.0000000	0.0000000	
4.0000000	6.0000000	1.0000000	|	0.0000000	1.0000000	0.0000000	
6.0000000	7.0000000	20.0000000	|	0.0000000	0.0000000	1.0000000	

A(2)|E(2):
1.0000000	0.4166667	0.5000000	|	0.0833333	0.0000000	0.0000000	
0.0000000	1.0000000	-0.2307692	|	-0.0769231	0.2307692	0.0000000	
0.0000000	4.5000000	17.0000000	|	-0.5000000	0.0000000	1.0000000	

A(3)|E(3):
1.0000000	0.4166667	0.5000000	|	0.0833333	0.0000000	0.0000000	
0.0000000	1.0000000	-0.2307692	|	-0.0769231	0.2307692	0.0000000	
0.0000000	0.0000000	1.0000000	|	-0.0085288	-0.0575693	0.0554371	


Обратная матрица:
0.1204691	-0.0618337	-0.0330490	
-0.0788913	0.2174840	0.0127932	
-0.0085288	-0.0575693	0.0554371	

Матрица невязки:
             0	  5.551115e-17	 -5.551115e-17	
 -6.245005e-17	             0	 -1.387779e-17	
 -2.775558e-17	  2.220446e-16	             0	

Норма невязки:
2.456212e-16